95
66
137
70
20
36
44
214
105
133
170
97
153
138
18
164
189
176
74
181
171
190
106
53
184
114
222
113
87
17
98
49
110
218
91
59
151
225
79
2
15
135
62
186
117
131
210
19
13
71
148
116
83
99
166
204
226
150
73
115
72
180
101
126
25
78
224
51
158
155
60
48
100
28
47
212
52
77
4
193
167
128
93
80
33
211
144
30
109
38
183
42
185
122
134
88
32
213
175
65
205
143
9
92
141
159
63
103
61
55
11
142
188
37
168
217
154
196
127
26
132
228
31
111
102
112
140
22
220
169
75
123
57
7
89
64
119
14
69
187
203
6
5
177
39
12
216
192
96
50
200
120
10
136
165
40
227
21
8
147
178
130
76
81
3
160
121
206
215
56
209
27
152
82
1
90
86
118
43
201
45
54
35
68
173
195
67
149
24
197
182
139
23
125
207
29
85
34
208
221
172
202
199
179
58
219
198
161
157
223
146
124
84
129
104
162
191
174
108
107
46
